+vis
+===
+touch README.md
+git init
+git add README.md
+git commit -m "first commit"
+git remote add origin https://github.com/step29child/vis.git
+git push -u origin maste
20120205153620
20120205153634
20120205153638
20120205153655
20120425153835
20120425153837
20120509160920
20120509160924
20120509161013
20120509161015
20120509161026
20120509161028
20120919145049
20120919145100
20120919145113
20120919145503
20120919145506
20120919145508
20120919145514
20121205100032
20121205100034
20121205100036
20121205144559
20121205144650
20121205144653
20121205150626
20121205150806
20121205150809
20121205162430
20121205162433
20121205162435
20121205163300
20121205163303
20121210145120
20121210145123
20121217133210
20121217133214
20121219151412
20121219151414
20121219151447
20121219151453
20121219161704
20121219161713
20121219161720
20121225201711
20121225201717
20121225201720
20121227142836
20121227142840
20121227142842
20130104073006
20130104073016
20130104073021
20130104075058
20130104075103
20130104162020
20130104190436
20130104190443
20130104204240
20130104204251
20130106075810
20130106075813
20130106075824
20130106075830
20130106174638
20130106174642
20130106174644
20130106174649
20130106174651
20130106174658
20130106174701
20130106174705
20130106174711
20130106174713
20130106174720
20130106174724
20130106174734
20130106174736
20130108003404
20130108003407
20130108120651
20130108120656
20130108120703
20130108120840
20130108121112
20130108121115
20130108121117
20130108121157
20130108121202
20130108121247
20130108121253
20130108131417
20130108131422
20130108131424
20130108184733
20130108184753
20130108205848
20130108205853
20130108205858
20130108230719
20130108230721
20130109111440
20130109111442
20130109151622
20130109151851
20130112125644
20130112125651
20130112125655
20130112125903
20130112125905
20130114234200
20130114234205
20130114234212
20130114234213
20130114234219
20130114234224
20130115182957
20130115182959
20130115183001
20130115183020
20130115183022
20130115184641
20130115184643
20130115184646
20130115232911
20130115232915
20130115232919
20130116163152
20130117102153
20130118135309
20130118135359
20130118135411
20130118135412
20130118135415
20130118135423
20130118135426
20130119073655
20130119073658
20130119073700
20130119073809
20130119073819
20130119073823
20130119073830
20130119131222
20130119131226
20130119131229
20130119131232
20130121152553
20130121152555
20130121152607
20130121152612
20130121152614
20130121152621
20130121152633
20130121153805
20130121153811
20130121153815
20130121153818
20130121153823
20130121153825
20130121153829
20130122214902
20130122214908
20130122214911
20130122214914
20130122214919
20130122214936
20130122214942
20130122214946
20130122214955
20130122214959
20130122215012
20130124173335
20130124173340
20130124173342
20130124214059
20130124214102
20130124224955
20130124224959

